Double = 254.46900494077323
Double = 3053.628059289279