Double = 17779.345947265625
Double = 6146643.967529297