Double = 20774.1357421875
Double = 26433354.33984375